1297
7897
2488
2644
1676
14902
1854
10260
11527
6111
10824
4816
2738
7357
10933
10136
6709
5589
8003
4044
9013
8253
3487
5266
9558
5106
3791
10380
614
10106
12265
3830
9765
10013
11302
9618
17238
14030
15104
5097
8340
6913
11828
4924
15551
1790
10559
13522
10329
5703
3274
9501
5603
6874
13273
4910
7608
3736
4133
6581
12936
2217
13091
4040
5880
15190
6827
12399
6930
1267
115
4643
10639
16673
2150
4542
1262
4302
8408
12797
3038
13901
5930
11878
4280
3435
14104
5518
4696
7911
4195
5780
1115
10613
1309
13589
4778
9057
4902
10441
538
149
6459
3823
8581
9766
2044
7309
902
9739
9256
12928
7259
9012
6716
7191
6695
845
12907
6697
974
3773
3688
12432
14975
1965
4364
4788
536
3433
1974
5564
10698
1300
1705
8703
11168
8806
2090
1938
3576
9192
10431
8404
12074
11175
2354
2623
8005
12339
11337
2520
7693
9777
5952
6093
4820
10638
14769
1380
8074
6622
10607
5923
14534
5775
10949
11728
3926
12828
3367
7723
4639
743
10626
16096
6187
513
2371
6247
4642
4880
10897
2332
11562
12190
995
108
13505
8273
8578
3554
9525
10702
14437
8234
14388
2447
6828
8448
12393
12679
8939
7953
1923
5778
3743
2117
261
4218
12736
6883
5465
7543
7435
5815
11286
3242
11470
2302
14305
2732
6136
12824
3277
7825
5886
7446
8966
12482
2569
2952
8839
903
12390
9433
9277
4502
15405
4062
8014
11896
10621
5073
11194
7883
3256
223
12108
6824
6944
1473
5678
1448
8553
3890
2272
5390
10417
3278
11814
12710
14937
7731
463
7279
847
8367
15288
2765
15255
4562
6572
15988
1951
8648
14215
5028
4293
50
5485
6344
1784
4178
4837
2085
11977
8715
1827
8117
12461
3131
3967
12225
12241
8871
3609
8243
7084
10928
1432
2242
9555
7481
11713
3895
2643
693
6876
1597
5024
2399
13041
5141
14329
3855
5363
10084
6479
4846
8975
5632
298
697
10684
5423
14076
6526
11496
6084
8439
10383
10633
6231
12654
13845
6001
29
4752
5254
1136
9597
3568
5967
122
1834
754
1002
10784
4695
3682
832
2135
4996
2637
1204
15086
10587
798
6770
1144
12035
2758
11602
8268
4793
5784
13043
3036
8266
6175
397
3495
2305
766
4791
1752
4387
12726
8544
13371
2571
7817
1943
10056
9133
6319
69
7781
15520
14733
12340
10155
926
11475
5798
8111
813
1094
3938
2379
2973
1588
1636
8465
4368
2975
2083
6342
11667
9683
6297
10744
6309
768
11850
214
4884
8558
6865
3284
1689
2058
5969
5131
5421
2213
7564
4600
8210
8007
5464
4194
843
8898
2077
8358
8514
900
15349
4395
9005
236
7418
3107
8029
2239
455
4952
102
13862
1730
147
1450
15
10355
13503
634
1238
4827
6017
10834
4017
13389
1847
3063
11211
681
7175
144
6197
6445
9719
6270
9225
14619
8205
4870
4151
11275
1026
11221
10027
8744
5907
5415
8100
4784
14547
9451
7235
5841
4086
7884
12164
15019
8714
12042
2482
4980
11442
13360
4534
9417
585
1416
5260
2935
3683
2581
271
5463
5159
6225
11840
1327
16490
132
12565
1504
9814
12714
8701
3662
642
10769
5404
859
3248
63
13226
751
7163
3420
11855
6899
13319
8034
6127
15157
9757
2493
4933
3814
11939
12222
3574
959
1080
13092
7565
1754
590
524
3647
4760
6428
12833
7835
458
70
2645
1393
7671
3983
8897
3095
10334
2078
7551
5931
5167
2329
1894
8751
93
10167
10551
4251
3904
747
9698
4002
2450
13517
12980
9123
8625
14610
4038
7028
12611
8468
3472
7849
5755
750
485
9252
8341
6054
5785
3294
7105
3802
5515
11778
713
9196
2731
1440
8137
4811
4492
9944
12572
10038
7268
8453
8069
3573
97
172
3165
574
9034
9927
5533
13900
6083
5339
6715
6402
5942
5935
11045
827
1479
4384
3531
1678
4593
11419
776
3121
8202
4268
5020
8118
1735
3923
2198
1741
3138
7492
3466
10491
13285
793
8232
6497
4813
5758
3452
14380
2743
6129
9171
8428
11583
4325
3741
9523
11462
4651
9403
4597
8298
6249
8304
3900
8693
12532
10890
946
3835
15128
1317
410
5444
5139
35
14156
2263
8071
6057
897
3853
9221
2605
3226
6334
2689
5559
6097
11536
10658
2586
10891
117
11662
680
1772
1245
6145
6652
5018
2291
5587
4034
5047
157
8293
6376
3627
9118
74
1628
14428
12444
569
7596
8277
13544
805
4343
4963
3571
9600
10436
10134
3006
4882
8365
3133
10190
11438
6495
4528
2051
2724
8309
4904
1865
1417
10241
11900
6847
2938
8546
8957
1645
9154
3130
7171
2448
3369
8173
4035
10424
23
4423
9175
2911
5991
13051
13566
5861
11387
12748
4216
8436
4779
9395
48
6387
12892
15506
676
419
10983
434
5176
10655
5556
11417
2404
11575
1868
1038
5580
10826
1105
3185
6799
321
2202
2725
3612
5311
9734
12781
12951
10120
6367
3012
7657
6380
482
9176
9678
459
7306
4430
3418
8167
6961
5567
6424
2487
7908
5274
5220
2366
3633
4443
5649
4824
12547
2896
11261
13767
5430
5625
5471
12236
4955
11947
5301
11107
21840
391
1981
3784
1108
7503
2275
1289
6181
9538
10817
4481
12422
1836
9732
13541
11085
1571
13217
4529
8147
3871
3054
1082
3908
6317
13729
13419
4348
3954
7263
13323
2183
359
7506
7690
13559
6539
3496
15659
1528
3078
9135
11027
6990
13811
11331
3335
2478
10763
8831
10850
5947
6861
12595
8571
10777
3754
3511
7862
12866
811
15054
2681
1758
11010
4709
11595
1411
9705
11370
14923
8534
8503
6180
11863
7047
515
9084
5900
3970
8269
5381
2915
7275
14743
822
11766
7173
13758
8951
2794
2187
13060
9286
6704
1217
2807
5730
208
2913
1608
7527
13479
9321
2634
5088
11958
3068
5539
237
8222
2056
8969
11268
10135
1285
5096
5788
206
937
7396
6971
5972
10563
1543
6928
8320
5692
11404
1884
12563
13659
3415
350
7549
11361
4335
10352
161
5144
6204
2125
13992
7392
1185
2706
106
2114
2539
